SNP,Q_statistic,p.value,Qsum,Qdif
rs4986044,10.8618912766384,0.000981633934280517,10.8618912766384,-470.723053436344
rs1928295,9.38975854674564,0.00218200941498962,20.2516498233841,-461.333294889598
rs17207196,7.74680873047643,0.00538075410489636,27.9984585538605,-453.586486159122
rs12328930,6.98760407858304,0.00820761486551058,34.9860626324435,-446.598882080539
rs12779328,6.94556157519456,0.00840274541957059,41.9316242076381,-439.653320505344
rs13107325,6.91820877254331,0.0085322398382379,48.8498329801814,-432.735111732801
rs6561943,6.86554426006437,0.00878734802778587,55.7153772402458,-425.869567472736
rs7117238,6.85261109602947,0.0088511821988979,62.5679883362752,-419.016956376707
rs11066188,6.78711339107346,0.00918182603248935,69.3551017273487,-412.229842985633
rs7683836,6.4490006188951,0.011101477135172,75.8041023462438,-405.780842366738
rs11609659,6.38055265443731,0.0115377499320134,82.1846550006811,-399.400289712301
rs7970953,5.86713474484699,0.0154261397781367,88.0517897455281,-393.533154967454
rs9379827,5.39720208655966,0.02016905972737,93.4489918320878,-388.135952880894
rs705704,5.25672763615283,0.0218620871387859,98.7057194682406,-382.879225244742
rs11945861,4.87796007887826,0.0272017485136124,103.583679547119,-378.001265165863
rs12299814,4.79955843264616,0.0284670321226519,108.383237979765,-373.201706733217
rs977747,4.7920749033797,0.0285909652118941,113.175312883145,-368.409631829837
rs2228213,4.59316597728104,0.0320996688377275,117.768478860426,-363.816465852556
rs10492229,4.39553666936883,0.0360331173293743,122.164015529795,-359.420929183188
rs947612,4.3806480802558,0.0363491741693909,126.54466361005,-355.040281102932
rs1465900,4.37124665623281,0.0365502423782721,130.915910266283,-350.669034446699
rs2693826,4.13153416109199,0.042091175618559,135.047444427375,-346.537500285607
rs4757144,4.11221861169538,0.0425744773706035,139.159663039071,-342.425281673912
rs1863652,4.0056033376015,0.0453492636275527,143.165266376672,-338.41967833631
rs2007231,3.97747232493853,0.0461127124469265,147.142738701611,-334.442206011372
rs16953563,3.94444902885244,0.0470262510505985,151.087187730463,-330.497756982519
rs4237643,3.92575023928146,0.0475519684578363,155.012937969744,-326.572006743238
