SNP,Q_statistic,p.value,Qsum,Qdif
rs6690398,41.8907749565106,9.65169226712969e-11,41.8907749565106,-981.666256526075
rs4290163,38.4855007020148,5.5161979633695e-10,80.3762756585255,-943.18075582406
rs7084454,26.9220573686099,2.11827544796937e-07,107.298333027135,-916.25869845545
rs6265,25.2060251470457,5.15209893776578e-07,132.504358174181,-891.052673308404
rs650198,25.1072788201472,5.42277811765134e-07,157.611636994328,-865.945394488257
rs9818122,24.5621362532257,7.19517377970625e-07,182.173773247554,-841.383258235031
rs8134638,23.2209109761219,1.4441841528224e-06,205.394684223676,-818.162347258909
rs57800857,21.8767521641965,2.90734890441449e-06,227.271436387872,-796.285595094713
rs13021737,21.6033784550858,3.35260765270281e-06,248.874814842958,-774.682216639627
rs1030015,19.9854338972341,7.80343463961918e-06,268.860248740192,-754.696782742393
rs1899689,16.6671839770628,4.45449411523252e-05,285.527432717255,-738.02959876533
rs2968487,14.8538841072958,0.000116168599699108,300.381316824551,-723.175714658035
rs4973618,14.7067824404989,0.000125593774917788,315.08809926505,-708.468932217536
rs12151152,14.5460494747244,0.000136775136237555,329.634148739774,-693.922882742811
rs12206094,14.421868705259,0.000146095854989388,344.056017445033,-679.501014037552
rs13107325,14.1197900140296,0.000171529639004692,358.175807459063,-665.381224023523
rs1982350,13.8029258516043,0.000203019819859597,371.978733310667,-651.578298171918
rs7124681,13.7872330837174,0.000204722705023012,385.765966394384,-637.791065088201
rs7144011,13.4574896509444,0.000244030053865247,399.223456045329,-624.333575437257
rs11633626,12.2953115887134,0.000454097553515165,411.518767634042,-612.038263848543
rs1431659,11.6204796280492,0.000652295781683452,423.139247262092,-600.417784220494
rs36061954,11.3228264304622,0.000765600902396147,434.462073692554,-589.094957790032
rs1852006,11.2222962857034,0.000808204314415534,445.684369978257,-577.872661504328
rs273505,10.1925114150978,0.00141012133679934,455.876881393355,-567.68015008923
rs11121210,9.93316539255143,0.00162327143003064,465.810046785906,-557.746984696679
rs1383592,9.86982931227513,0.00168011094288747,475.679876098181,-547.877155384404
rs12628051,9.78829619092272,0.0017562611956173,485.468172289104,-538.088859193481
rs10497870,9.51529858021124,0.00203765948303967,494.983470869315,-528.57356061327
rs2053682,9.4253834856928,0.00214002341432939,504.408854355008,-519.148177127577
rs1045411,9.24869448013093,0.00235663370442772,513.657548835139,-509.899482647446
rs4671328,9.13638145153684,0.00250576189092012,522.793930286676,-500.763101195909
rs6545714,8.8558621890917,0.00292149088148649,531.649792475768,-491.907239006818
rs11636611,8.7676878001645,0.00306613897371737,540.417480275932,-483.139551206653
rs6476617,8.49700299959106,0.00355731943953285,548.914483275523,-474.642548207062
rs1106761,8.11925996283511,0.00437974336247648,557.033743238358,-466.523288244227
rs17276464,7.83291876462038,0.00513031895127306,564.866662002979,-458.690369479607
rs10938397,7.62211148741168,0.00576569420000156,572.48877349039,-451.068257992195
rs2357760,7.59155297212048,0.00586424118004445,580.080326462511,-443.476705020074
rs891387,7.5647709854262,0.0059520217142361,587.645097447937,-435.911934034648
rs7138803,7.41955158704258,0.00645188927264448,595.06464903498,-428.492382447606
rs1048303,7.41486049064308,0.0064687330137171,602.479509525623,-421.077521956963
rs12121950,7.40984408874021,0.00648679446590681,609.889353614363,-413.667677868222
rs9937053,7.390399899334,0.00655729082078042,617.279753513697,-406.277277968888
rs3806114,7.22699216024257,0.00718154317388725,624.50674567394,-399.050285808646
rs1951455,7.17143327485269,0.00740735701621067,631.678178948792,-391.878852533793
rs889398,7.13008227349542,0.00758012493222026,638.808261222288,-384.748770260298
rs1346841,6.90524995763978,0.00859430102207125,645.713511179927,-377.843520302658
rs709400,6.42597955574566,0.011246286703916,652.139490735673,-371.417540746912
rs845084,6.41768712010077,0.0112989223186949,658.557177855774,-364.999853626812
rs11856579,6.23127018348821,0.0125513673693824,664.788448039262,-358.768583443323
rs2862996,6.19008317265886,0.0128468148674243,670.978531211921,-352.578500270664
rs6443750,6.08082800044079,0.0136656704531043,677.059359212362,-346.497672270224
rs12429545,6.06687139615756,0.013774072965923,683.126230608519,-340.430800874066
rs7498665,6.06626573544106,0.0137787971769916,689.19249634396,-334.364535138625
rs6661316,6.01065761778507,0.014219727111251,695.203153961745,-328.35387752084
rs12364470,5.88939980284482,0.0152322910693746,701.09255376459,-322.464477717995
rs215614,5.72658080670225,0.0167099867758383,706.819134571292,-316.737896911293
rs4857968,5.64829807491907,0.0174723218577946,712.467432646212,-311.089598836374
rs1481012,5.60873701893435,0.0178711392962304,718.076169665146,-305.480861817439
rs1928295,5.59479432968052,0.0180139258993392,723.670963994826,-299.886067487759
rs6463489,5.5845992994142,0.0181190779875196,729.255563294241,-294.301468188345
rs2228213,5.56269065666051,0.0183471948657848,734.818253950901,-288.738777531684
rs2192158,5.44806214992369,0.0195900451462019,740.266316100825,-283.29071538176
rs11672660,5.26867970585057,0.0217124745615326,745.534995806675,-278.02203567591
rs7599312,5.06669648892331,0.024389821796958,750.601692295599,-272.955339186987
rs10510419,5.04605782146286,0.0246820327938884,755.647750117062,-267.909281365524
rs11915371,4.94507039052368,0.0261651733553975,760.592820507585,-262.964210975
rs17405819,4.93075567323935,0.0263827780938772,765.523576180825,-258.033455301761
rs11692326,4.88041450546485,0.0271630954117625,770.403990686289,-253.153040796296
rs7561278,4.87258526428695,0.0272865927390604,775.276575950576,-248.280455532009
rs39654,4.86871560225913,0.02734784772181,780.145291552835,-243.41173992975
rs6567160,4.80833075680363,0.0283224671873337,784.953622309639,-238.603409172946
rs2206277,4.52381591992968,0.0334261987693979,789.477438229569,-234.079593253016
rs427943,4.45634619179937,0.0347717990010191,793.933784421368,-229.623247061217
rs11611246,4.45137915778237,0.0348730723043753,798.385163579151,-225.171867903435
rs7903146,4.37064169601735,0.036563220468376,802.755805275168,-220.801226207417
rs7713317,4.29668407886358,0.0381867589653664,807.052489354032,-216.504542128554
rs4841504,4.06065161669814,0.0438935586428052,811.11314097073,-212.443890511856
rs12321904,3.86863095248058,0.0491966358548944,814.98177192321,-208.575259559375
rs9540493,3.85239141544375,0.0496751160884795,818.834163338654,-204.722868143931
