SNP,Q_statistic,p.value,Qsum,Qdif
rs10099330,28.5521752542071,9.12073056349224e-08,28.5521752542071,-802.119768306537
rs9818122,21.6693299607187,3.23929204280462e-06,50.2215052149258,-780.450438345818
rs6476617,18.3679317268202,1.82097073051008e-05,68.5894369417461,-762.082506618998
rs946824,17.0892006257905,3.5664529746139e-05,85.6786375675366,-744.993305993207
rs4841504,16.3655316782566,5.22264044220644e-05,102.044169245793,-728.627774314951
rs7498665,15.9027105503148,6.6683148640417e-05,117.946879796108,-712.725063764636
rs6265,14.9900907180113,0.000108077215453104,132.936970514119,-697.734973046624
rs7734385,13.992349631769,0.000183555977887574,146.929320145888,-683.742623414855
rs889398,13.7963913286686,0.000203727166372393,160.725711474557,-669.946232086187
rs1899689,13.5541193198398,0.000231782162177252,174.279830794397,-656.392112766347
rs9937053,12.5331157185433,0.000399802583854051,186.81294651294,-643.858997047804
rs4740619,11.8051628219799,0.000590666957697469,198.61810933492,-632.053834225824
rs11692326,11.7550919125703,0.000606770147387125,210.37320124749,-620.298742313254
rs10761247,11.1524816700485,0.000839193339823704,221.525682917539,-609.146260643205
rs10938397,10.8186821815221,0.00100480984014766,232.344365099061,-598.327578461683
rs9320823,10.6200540423742,0.00111867777932796,242.964419141435,-587.707524419309
rs2206277,10.1946868532697,0.0014084587622272,253.159105994705,-577.512837566039
rs4880341,10.0625607052478,0.00151312769277067,263.221666699952,-567.450276860791
rs2391540,9.46875058083163,0.00209001674218088,272.690417280784,-557.98152627996
rs17681451,9.04200081925428,0.00263846716391139,281.732418100038,-548.939525460705
rs10518269,9.01486318964938,0.00267792932844483,290.747281289688,-539.924662271056
rs2907948,8.94510757758395,0.00278213709517585,299.692388867272,-530.979554693472
rs12151152,8.78444592070961,0.00303809830809403,308.476834787981,-522.195108772762
rs12438629,8.57401460504982,0.00340994452351145,317.050849393031,-513.621094167712
rs1491905,8.07833240083675,0.00447976506807374,325.129181793868,-505.542761766876
rs12369179,7.43216605772186,0.00640681777893395,332.56134785159,-498.110595709154
rs2196618,7.15484176708467,0.0074761890168344,339.716189618674,-490.955753942069
rs1383592,6.89100987549369,0.00866303132178677,346.607199494168,-484.064744066576
rs11611246,6.81294572524073,0.00904993515390398,353.420145219409,-477.251798341335
rs1916801,6.66828899033861,0.00981433646569336,360.088434209747,-470.583509350996
rs6932930,6.56934075842914,0.0103750374348762,366.657774968177,-464.014168592567
rs13107325,6.4450971991762,0.0111258954701657,373.102872167353,-457.569071393391
rs10984756,6.43890861426197,0.0111647219523834,379.541780781615,-451.130162779129
rs12462975,6.05867459779,0.0138381503338656,385.600455379405,-445.071488181339
rs9603697,5.95746267463644,0.014655117102837,391.557918054041,-439.114025506702
rs2861685,5.91316430837226,0.0150281538540291,397.471082362413,-433.20086119833
rs1982350,5.90961901133922,0.01505842825214,403.380701373753,-427.291242186991
rs427943,5.89512832875587,0.0151828232036167,409.275829702509,-421.396113858235
rs2134858,5.70634620678394,0.0169036866603938,414.982175909292,-415.689767651451
rs7616009,5.60081566936162,0.0179521176222197,420.582991578654,-410.08895198209
rs11757278,5.56574057838277,0.0183152616412003,426.148732157037,-404.523211403707
rs9826775,5.52654114911187,0.0187300965651184,431.675273306149,-398.996670254595
rs698147,5.44989176411996,0.0195695391056667,437.125165070269,-393.546778490475
rs2400414,5.44375223131004,0.0196384379092728,442.568917301579,-388.103026259165
rs7769594,5.40654385103327,0.0200613969531763,447.975461152612,-382.696482408132
rs12422552,5.39210513922165,0.0202280532670991,453.367566291834,-377.30437726891
rs7070670,5.37941061742877,0.0203757604482242,458.746976909262,-371.924966651481
rs7239114,5.35358506702173,0.0206797078452611,464.100561976284,-366.57138158446
rs10499694,5.33593185622674,0.0208901691522485,469.436493832511,-361.235449728233
rs11915371,5.30271391810273,0.0212922243400494,474.739207750614,-355.93273581013
rs34811474,5.2786647892952,0.0215882971824714,480.017872539909,-350.654071020835
rs7181610,5.27431405731921,0.0216423134867053,485.292186597228,-345.379756963516
rs487152,5.19008749747255,0.0227160725487723,490.482274094701,-340.189669466043
rs4290163,5.18332842043995,0.0228045988972137,495.665602515141,-335.006341045603
rs12714199,5.06424646885779,0.0244243216031318,500.729848983998,-329.942094576745
rs7144011,4.88387561439677,0.02710868578486,505.613724598395,-325.058218962349
rs1048303,4.73765047771149,0.0295093458806893,510.351375076107,-320.320568484637
rs1730859,4.63333301402124,0.0313565924178226,514.984708090128,-315.687235470616
rs36061954,4.52137353949695,0.0334739473665927,519.506081629625,-311.165861931119
rs17201143,4.47447291151592,0.034404812872567,523.980554541141,-306.691389019603
rs459552,4.40640884528028,0.0358041392199898,528.386963386421,-302.284980174323
rs10887584,4.33344617628816,0.037370510992692,532.720409562709,-297.951533998035
rs4721089,4.24271553442227,0.0394190692808456,536.963125097131,-293.708818463612
rs34277166,4.17594426837351,0.0410017087329439,541.139069365505,-289.532874195239
rs2342892,4.10311860980039,0.0428041903670895,545.242187975305,-285.429755585438
rs2820295,4.07208380660547,0.0435974598533133,549.314271781911,-281.357671778833
rs650198,4.06891563144634,0.0436793058945993,553.383187413357,-277.288756147387
rs1030015,4.04869142730514,0.0442055989054293,557.431878840662,-273.240064720081
rs6512302,3.95556566224346,0.0467166145500172,561.387444502906,-269.284499057838
rs12765914,3.9396311787062,0.0471611162443542,565.327075681612,-265.344867879132
rs39654,3.90038338313132,0.0482750901470872,569.227459064743,-261.444484496
rs2439823,3.88766419939048,0.0486420298768415,573.115123264134,-257.55682029661
rs9816226,3.87033729885543,0.0491466435746616,576.985460562989,-253.686482997755
rs1927790,3.86768514614025,0.0492243690776857,580.853145709129,-249.818797851614
