SNP,Q_statistic,p.value,Qsum,Qdif
rs13107325,78.9590810031398,6.34097931220656e-19,78.9590810031398,-872.584573441462
rs7498665,37.9410420341504,7.29150919997822e-10,116.90012303729,-834.643531407312
rs6265,35.0458257462834,3.2203657574205e-09,151.945948783574,-799.597705661028
rs7124681,31.8930009617773,1.62903077528139e-08,183.838949745351,-767.704704699251
rs9818122,23.7028457597971,1.12416186518028e-06,207.541795505148,-744.001858939454
rs16851483,21.8144659424359,3.00327251333007e-06,229.356261447584,-722.187392997018
rs34277166,21.5394022741499,3.46632893784366e-06,250.895663721734,-700.647990722868
rs1356506,21.3481817948665,3.82983805604133e-06,272.2438455166,-679.299808928002
rs7138803,18.8737749996121,1.39659504519915e-05,291.117620516212,-660.42603392839
rs7238896,17.8872293786634,2.34388671413039e-05,309.004849894876,-642.538804549726
rs6690398,17.6566666126758,2.64586245233954e-05,326.661516507552,-624.88213793705
rs1106761,15.5230382468897,8.15058259498415e-05,342.184554754441,-609.359099690161
rs288230,14.8066125476721,0.000119117091257274,356.991167302114,-594.552487142489
rs9320823,13.5052261590626,0.000237899972638378,370.496393461176,-581.047260983426
rs4834272,13.1854524404982,0.000282130691898725,383.681845901674,-567.861808542928
rs9937053,12.8865311564506,0.000330955270119504,396.568377058125,-554.975277386477
rs13021737,12.6653603215286,0.000372492736296054,409.233737379653,-542.309917064949
rs2400414,12.1022046784244,0.000503622400100082,421.335942058078,-530.207712386524
rs7144011,12.0467680881569,0.000518822531098393,433.382710146235,-518.160944298367
rs3808477,11.952864089246,0.00054563441145711,445.335574235481,-506.208080209121
rs4740619,11.6349424724493,0.000647243443403947,456.97051670793,-494.573137736672
rs6932930,11.1217789061683,0.000853199171660243,468.092295614098,-483.451358830504
rs4609871,10.6899986444269,0.00107716284993038,478.782294258525,-472.761360186077
rs3101336,10.6785839063894,0.00108382998876114,489.460878164915,-462.082776279687
rs12098284,10.5278448672075,0.00117589258260483,499.988723032122,-451.55493141248
rs10942267,10.4908564319166,0.00119966750576175,510.479579464039,-441.064074980563
rs6556301,10.4004621612619,0.00125983778195154,520.880041625301,-430.663612819301
rs7357754,9.47379681766222,0.00208427540976562,530.353838442963,-421.189816001639
rs1481012,9.17913749746887,0.00244789353376644,539.532975940432,-412.01067850417
rs6661316,9.12087861425913,0.00252708561187114,548.653854554691,-402.889799889911
rs12369179,8.8530788317571,0.00292594922919746,557.506933386448,-394.036721058154
rs11633626,8.80861068657689,0.00299812238519366,566.315544073025,-385.228110371577
rs2968487,8.67771384557873,0.00322124812869265,574.993257918604,-376.550396525999
rs709400,8.2092836137152,0.00416766021466169,583.202541532319,-368.341112912283
rs12206094,8.12616062034398,0.00436310440137247,591.328702152663,-360.214952291939
rs10518269,7.39027813539489,0.00655773474091885,598.718980288058,-352.824674156544
rs4973618,7.04544974257704,0.00794668686052698,605.764430030635,-345.779224413967
rs1951455,6.80811515765334,0.00907445004725064,612.572545188288,-338.971109256314
rs1409818,6.79816512847271,0.00912516046733253,619.370710316761,-332.172944127841
rs12286929,6.75863017825259,0.00932953511013654,626.129340495013,-325.414313949589
rs11739877,6.69972472319137,0.0096427797700045,632.829065218205,-318.714589226397
rs7570446,6.55187038211255,0.0104773961583014,639.380935600317,-312.162718844285
rs11692326,6.27829344468335,0.0122225747319731,645.659229045001,-305.884425399601
rs1884897,6.23562356313658,0.0125205499117939,651.894852608137,-299.648801836465
rs2051559,5.81142401600405,0.015922395991329,657.706276624141,-293.837377820461
rs12939549,5.57502871972353,0.0182183662324116,663.281305343865,-288.262349100737
rs1045411,5.47870947146957,0.0192494654669553,668.760014815334,-282.783639629268
rs7024334,5.30608931990515,0.0212510068782295,674.06610413524,-277.477550309363
rs11170468,5.19208564261598,0.0226899703037157,679.258189777855,-272.285464666747
rs11866815,5.1682480997527,0.0230034032062526,684.426437877608,-267.117216566994
rs3739514,5.12383460998498,0.0235994125241676,689.550272487593,-261.993381957009
rs8122855,5.04385475823434,0.0247134386052519,694.594127245828,-256.949527198775
rs11655587,4.90906923673457,0.0267160336617961,699.503196482562,-252.04045796204
rs8024806,4.88435663774316,0.0271011329343182,704.387553120305,-247.156101324297
rs2206277,4.7915320662794,0.0285999768384134,709.179085186585,-242.364569258017
rs4721089,4.78015826306637,0.0287894746884962,713.959243449651,-237.584410994951
rs740157,4.76385279662645,0.0290634218811726,718.723096246277,-232.820558198325
rs10938397,4.63927786708511,0.0312481486777481,723.362374113363,-228.181280331239
rs7070670,4.42743520196068,0.0353656135615904,727.789809315323,-223.753845129279
rs10920678,4.36057764679741,0.0367798317198459,732.150386962121,-219.393267482481
rs7561278,4.30476907111171,0.0380056548460289,736.455156033232,-215.08849841137
rs2192158,4.08322919602812,0.0433108117488366,740.53838522926,-211.005269215342
rs543874,3.9864663581921,0.0458671609637356,744.524851587453,-207.018802857149
