SNP,Q_statistic,p.value,Qsum,Qdif
rs9320823,136.030346128947,1.96504198916157e-31,136.030346128947,-1755.86711903049
rs3101336,100.203152043452,1.37540433146503e-23,236.2334981724,-1655.66396698703
rs1501673,88.3084619747365,5.60033651764326e-21,324.541960147136,-1567.3555050123
rs1106761,68.274853157315,1.42223171130061e-16,392.816813304451,-1499.08065185498
rs9937053,66.5728442336474,3.37199563657616e-16,459.389657538098,-1432.50780762134
rs13002946,63.9202349838205,1.29560057039211e-15,523.309892521919,-1368.58757263752
rs6567160,47.9040412919529,4.47598065287916e-12,571.213933813872,-1320.68353134556
rs7498665,47.3862142820011,5.8291193842636e-12,618.600148095873,-1273.29731706356
rs11856579,42.5653061045116,6.83612258850562e-11,661.165454200384,-1230.73201095905
rs12369179,41.6810506414344,1.07445334560955e-10,702.846504841819,-1189.05096031762
rs10954772,40.1180368093001,2.39071362350273e-10,742.964541651119,-1148.93292350832
rs891387,36.2721319933347,1.71600163393455e-09,779.236673644454,-1112.66079151498
rs9816226,32.8768121905861,9.81874587064992e-09,812.11348583504,-1079.78397932439
rs7570446,29.711384894722,5.01394886982804e-08,841.824870729762,-1050.07259442967
rs11611246,28.4557626860927,9.58640027060895e-08,870.280633415854,-1021.61683174358
rs12206094,27.9687639511218,1.23289607936361e-07,898.249397366976,-993.648067792458
rs12072739,25.3356833661689,4.81714406212831e-07,923.585080733145,-968.312384426289
rs2051559,24.7548421388511,6.51050369092293e-07,948.339922871996,-943.557542287438
rs12282785,24.4792160029931,7.51157713390407e-07,972.819138874989,-919.078326284445
rs6864049,23.7126057221599,1.11847534614635e-06,996.531744597149,-895.365720562285
rs4973618,23.3223972911304,1.36995418197638e-06,1019.85414188828,-872.043323271154
rs10761247,21.7539857037083,3.09945281504611e-06,1041.60812759199,-850.289337567446
rs4700608,21.5649458143309,3.42046686020127e-06,1063.17307340632,-828.724391753115
rs215614,20.9024355846526,4.83279722100979e-06,1084.07550899097,-807.821956168463
rs1269175,20.3703405966485,6.38111730684868e-06,1104.44584958762,-787.451615571814
rs57800857,18.6780667148588,1.54752395366485e-05,1123.12391630248,-768.773548856955
rs2820295,15.3047815817374,9.14846489533625e-05,1138.42869788422,-753.468767275218
rs12628051,14.2398032866316,0.000160930369333926,1152.66850117085,-739.228963988586
rs11915371,13.4752772287925,0.000241727472161214,1166.14377839964,-725.753686759794
rs11692326,12.5295585714488,0.000400564431208913,1178.67333697109,-713.224128188345
rs12692596,12.4623131615205,0.00041524539084696,1191.13565013261,-700.761815026824
rs7357754,11.7320662437449,0.000614323489314533,1202.86771637635,-689.02974878308
rs2832283,11.3047652086193,0.000773084238454338,1214.17248158497,-677.72498357446
rs11577094,11.0922440072793,0.000866895204985376,1225.26472559225,-666.632739567181
rs13107325,10.7689753221958,0.00103215635784821,1236.03370091445,-655.863764244985
rs1383592,10.0307732077039,0.00153946400784152,1246.06447412215,-645.832991037281
rs10518269,9.80582297982249,0.00173960170165656,1255.87029710198,-636.027168057459
rs2246012,9.6975076211446,0.00184518108798193,1265.56780472312,-626.329660436314
rs12680842,9.29170910351815,0.00230193294914123,1274.85951382664,-617.037951332796
rs12462975,9.23349481810148,0.00237627659465367,1284.09300864474,-607.804456514695
rs17276464,9.17468431095114,0.00245385690605535,1293.26769295569,-598.629772203743
rs7607490,9.0472580297143,0.00263089092131529,1302.3149509854,-589.582514174029
rs10499694,8.78001497837017,0.0030454869862726,1311.09496596377,-580.802499195659
rs704061,8.7754691985702,0.00305308613062434,1319.87043516235,-572.027029997089
rs12922346,8.77431830546,0.00305501312373671,1328.64475346781,-563.252711691629
rs1277733,8.57432016360079,0.0034093723183928,1337.21907363141,-554.678391528028
rs7138803,8.37078829934665,0.00381300188771426,1345.58986193075,-546.307603228681
rs2183824,8.21582202242293,0.00415266992220993,1353.80568395318,-538.091781206258
rs6962280,8.06781019020746,0.00450585381098882,1361.87349414338,-530.023971016051
rs7070670,7.99312840764771,0.00469552122162617,1369.86662255103,-522.030842608403
rs17024393,7.90739307522283,0.00492331676698928,1377.77401562625,-514.123449533181
rs11757278,7.74166982086593,0.00539608796961695,1385.51568544712,-506.381779712314
rs4721089,7.6049900250622,0.0058206986086442,1393.12067547218,-498.776789687252
rs7899106,7.60478679916518,0.00582135469673686,1400.72546227135,-491.172002888087
rs12868881,7.57373260128086,0.0059225009056619,1408.29919487263,-483.598270286806
rs10858334,7.2536311389444,0.00707577875469182,1415.55282601157,-476.344639147862
rs3923783,7.24351334240456,0.00711576060845502,1422.79633935398,-469.101125805457
rs12151152,6.82514316179075,0.00898833509889376,1429.62148251577,-462.275982643667
rs11525873,6.73361594652514,0.00946126124572924,1436.35509846229,-455.542366697141
rs2065418,6.7129702700147,0.00957141676011324,1443.06806873231,-448.829396427127
rs7903146,6.64290346578763,0.00995515582211753,1449.71097219809,-442.186492961339
rs6690398,6.62740958978709,0.0100421199426926,1456.33838178788,-435.559083371552
rs7206608,6.30982722208691,0.0120070540039583,1462.64820900997,-429.249256149465
rs6890310,6.29361069085876,0.0121173956061369,1468.94181970083,-422.955645458606
rs7561278,6.15329597511243,0.0131167428810801,1475.09511567594,-416.802349483494
rs1928295,6.08504514998253,0.0136330883103255,1481.18016082592,-410.717304333511
rs3770799,6.05155308313713,0.0138940707431808,1487.23171390906,-404.665751250374
rs6804181,5.92609558357135,0.0149182598727404,1493.15780949263,-398.739655666803
rs7124681,5.90352829743597,0.0151105854823671,1499.06133779007,-392.836127369367
rs8075273,5.73135245098061,0.0166646437152557,1504.79269024105,-387.104774918386
rs7893571,5.69841816979503,0.0169802095610766,1510.49110841084,-381.406356748591
rs3825061,5.60792586022843,0.0178794142460651,1516.09903427107,-375.798430888363
rs6932930,5.55083640045286,0.0184718581244281,1521.64987067152,-370.24759448791
rs10099330,5.36917417260458,0.0204956790356693,1527.01904484413,-364.878420315305
rs9595908,5.35057572832827,0.0207154294030265,1532.36962057246,-359.527844586977
rs7777084,5.23660265263143,0.0221164231147269,1537.60622322509,-354.291241934346
rs10744146,5.17238263041968,0.0229487194717576,1542.77860585551,-349.118859303926
rs6476617,4.8793032033619,0.0271805894750694,1547.65790905887,-344.239556100564
rs1730859,4.85855625941972,0.027509347060327,1552.51646531829,-339.380999841144
rs2439823,4.85635591323685,0.0275444556581654,1557.37282123153,-334.524643927908
rs1884897,4.83637000594112,0.0278654921524679,1562.20919123747,-329.688273921966
rs217669,4.81158350180319,0.0282690574262584,1567.02077473927,-324.876690420163
rs4906263,4.80805602993054,0.0283269829833534,1571.8288307692,-320.068634390233
rs942066,4.80270177965235,0.0284151427322632,1576.63153254885,-315.26593261058
rs28350,4.7727192867476,0.0289141214561702,1581.4042518356,-310.493213323833
rs7534091,4.75324835788915,0.0292430420373433,1586.15750019349,-305.739964965944
rs76942203,4.66099005742439,0.0308553947318058,1590.81849025091,-301.078974908519
rs2968487,4.62203171972297,0.0315638301970405,1595.44052197064,-296.456943188796
rs77432547,4.53533970498052,0.033201866380243,1599.97586167562,-291.921603483816
rs7588437,4.46885646426077,0.0345180862145488,1604.44471813988,-287.452747019555
rs7144011,4.3433173652393,0.0371544637488952,1608.78803550512,-283.109429654316
rs1346841,4.29882835603465,0.0381386391194461,1613.08686386115,-278.810601298281
rs1106908,4.21229030462116,0.0401321164362554,1617.29915416577,-274.59831099366
rs16851483,4.18374280946432,0.0408134728654432,1621.48289697524,-270.414568184196
rs8181823,4.1731457270896,0.0410694801147191,1625.65604270233,-266.241422457106
rs61813324,4.14077281116283,0.0418620537284384,1629.79681551349,-262.100649645943
rs1437842,4.0794303186812,0.0434082916561675,1633.87624583217,-258.021219327262
rs2196618,3.97239192851333,0.0462520273131684,1637.84863776069,-254.048827398749
rs11115176,3.95322115937676,0.0467817376882129,1641.80185892006,-250.095606239372
