SNP,Q_statistic,p.value,Qsum,Qdif
rs17248480,25.2476515178555,5.04209268839066e-07,25.2476515178555,-187.779327742677
rs2222544,24.4899182460373,7.46996854129929e-07,49.7375697638928,-163.28940949664
rs4851462,16.3022963301975,5.39984749177899e-05,66.0398660940903,-146.987113166442
rs12142296,11.7770981509111,0.000599638871471523,77.8169642450015,-135.210015015531
rs1271309,9.68093012812291,0.0018619035004095,87.4978943731244,-125.529084887408
rs1232482,9.62358324914188,0.00192094575753741,97.1214776222662,-115.905501638267
rs55684003,8.62246039867824,0.00332043043586317,105.743938020944,-107.283041239588
rs3898618,8.22430156803171,0.00413331097281118,113.968239588976,-99.0587396715566
rs7606205,7.51565881160595,0.00611649102851245,121.483898400582,-91.5430808599506
rs4286632,7.43619637333547,0.00639248531991103,128.920094773918,-84.1068844866152
rs1047030,6.87925908591691,0.00872017047383282,135.799353859835,-77.2276254006983
rs62229372,6.63930750268704,0.009975270239171,142.438661362522,-70.5883178980112
rs7137749,6.26039434437709,0.0123466717981237,148.699055706899,-64.3279235536341
rs9932866,5.71605580125667,0.0168104521897425,154.415111508155,-58.6118677523775
rs61892344,5.09289281178983,0.0240240850338981,159.508004319945,-53.5189749405876
rs56236159,4.56492209844328,0.0326331583888308,164.072926418388,-48.9540528421444
rs75507123,4.02093519419245,0.0449387882530983,168.093861612581,-44.9331176479519
