SNP,Q_statistic,p.value,Qsum,Qdif
rs2222544,33.1244344335985,8.64455345053507e-09,33.1244344335985,-174.344251564578
rs9932866,16.2522282387263,5.54443497195643e-05,49.3766626723247,-158.092023325852
rs4851462,15.6148830681781,7.76410741123485e-05,64.9915457405028,-142.477140257674
rs34517439,15.4923884891077,8.28381531964589e-05,80.4839342296105,-126.984751768566
rs10906391,14.8058987016109,0.000119162188963873,95.2898329312214,-112.178853066955
rs2390258,13.7350206817746,0.000210492764958577,109.024853612996,-98.4438323851808
rs4286632,9.05608227151832,0.00261822378774466,118.080935884514,-89.3877501136625
rs1271309,8.87758981252471,0.00288692415453249,126.958525697039,-80.5101603011378
rs10087782,8.15979185966704,0.00428292863222544,135.118317556706,-72.3503684414707
rs11026586,7.41805984635133,0.00645724062101254,142.536377403057,-64.9323085951194
rs8069739,4.16585003593684,0.0412467112684279,146.702227438994,-60.7664585591826
rs7134060,4.00772054392591,0.045292346058065,150.70994798292,-56.7587380152567
rs1947228,3.98273593206829,0.0459688399115349,154.692683914988,-52.7760020831884
