SNP,Q_statistic,p.value,Qsum,Qdif
rs1098708,22.1991413690777,2.45783689152734e-06,22.1991413690777,-286.240948113533
rs72704264,19.9421942195093,7.98191604774223e-06,42.141335588587,-266.298753894024
rs34517439,16.6407411572347,4.51702586690733e-05,58.7820767458217,-249.658012736789
rs45474499,16.287129660707,5.44324113779669e-05,75.0692064065286,-233.370883076082
rs4286632,14.9429049465167,0.000110813989071871,90.0121113530453,-218.427978129566
rs9563529,14.8204429815117,0.000118246727230993,104.832554334557,-203.607535148054
rs9638084,14.2663634458123,0.000158675235686057,119.098917780369,-189.341171702242
rs1232482,14.1285599782308,0.000170731825997006,133.2274777586,-175.212611724011
rs10062049,11.4280670558132,0.000723429071679021,144.655544814413,-163.784544668198
rs10087782,11.4259504495046,0.000724253666254181,156.081495263918,-152.358594218693
rs9932866,11.1480892076148,0.000841182737083171,167.229584471533,-141.210505011078
rs9472135,8.59613408626053,0.0033687736023494,175.825718557793,-132.614370924818
rs2222544,8.22000221302137,0.00414311496904294,184.045720770815,-124.394368711796
rs2390258,8.21455949484111,0.00415556017691293,192.260280265656,-116.179809216955
rs873122,8.10847302089273,0.00440588251099557,200.368753286548,-108.071336196062
rs4634143,7.34175697654293,0.00673709598102525,207.710510263091,-100.72957921952
rs34324971,6.55136098323992,0.0104803962088391,214.261871246331,-94.1782182362796
rs7606205,5.7466201093098,0.01652041179471,220.008491355641,-88.4315981269698
rs4851462,5.33182532413986,0.0209394441731189,225.340316679781,-83.09977280283
rs360153,5.16937906753594,0.0229884315011264,230.509695747317,-77.930393735294
rs10906391,4.87466981099588,0.0272536544690056,235.384365558313,-73.0557239242981
rs1271309,4.83901019747293,0.0278228601759678,240.223375755786,-68.2167137268252
rs55829085,4.32217181150081,0.0376188799169415,244.545547567287,-63.8945419153244
rs8069739,4.29928417434032,0.0381284182684129,248.844831741627,-59.5952577409841
rs7134060,3.84919728492259,0.0497698048142672,252.694029026549,-55.7460604560615
