SNP,Q_statistic,p.value,Qsum,Qdif
rs9818758,63.5202130281725,1.58729713579334e-15,63.5202130281725,-186.087932198416
rs11603334,43.2805775424139,4.74267914562975e-11,106.800790570586,-142.807354656002
rs11964178,30.1418369550688,4.01573917079007e-08,136.942627525655,-112.665517700933
rs8192675,26.4675382692517,2.68004121123497e-07,163.410165794907,-86.1979794316817
rs4607517,9.49626922959777,0.00205890108930116,172.906435024505,-76.7017102020839
rs579459,9.22199265381331,0.00239125148070887,182.128427678318,-67.4797175482706
rs4783565,9.12568567854069,0.00252045400111635,191.254113356859,-58.3540318697299
rs1046896,6.91589499920929,0.00854328702410217,198.170008356068,-51.4381368705207
rs12621844,6.81472565779743,0.00904091918961264,204.984734013865,-44.6234112127232
rs4745982,5.11952790825139,0.0236580519567391,210.104261922117,-39.5038833044718
rs6474359,4.97792332374177,0.0256727825337939,215.082185245858,-34.5259599807301
