SNP,Q_statistic,p.value,Qsum,Qdif
rs4788099,25.8771055854964,3.63859177058604e-07,25.8771055854964,-147.193974055761
rs2325036,15.6352724736927,7.68084228355226e-05,41.5123780591891,-131.558701582069
rs1519480,14.4025240810638,0.000147604331481805,55.9149021402529,-117.156177501005
rs7138803,12.6865001495909,0.000368304986774708,68.6014022898438,-104.469677351414
rs10840100,11.5610437047406,0.0006734803818071,80.1624459945844,-92.9086336466733
rs11039290,10.967487024631,0.000927244175635893,91.1299330192154,-81.9411466220424
rs11676272,9.35993106491043,0.0022178048750962,100.489864084126,-72.5812155571319
rs7531118,7.22932243260533,0.00717222719337302,107.719186516731,-65.3518931245266
rs7144011,6.78106231757052,0.00921300423171527,114.500248834302,-58.5708308069561
rs2531992,6.60876327055026,0.0101478114060831,121.109012104852,-51.9620675364058
rs2287019,6.3415828745198,0.01179395884442,127.450594979372,-45.620484661886
rs3800229,5.44943400063583,0.0195746675675897,132.900028980008,-40.1710506612502
rs2357760,4.52095445177719,0.0334821477014032,137.420983431785,-35.650096209473
rs10786712,4.40033122768419,0.0359319511696589,141.821314659469,-31.2497649817888
