SNP,Q_statistic,p.value,Qsum,Qdif
rs7531118,73.362239145524,1.07910929677957e-17,73.362239145524,-391.984469507368
rs4788099,69.2076281816579,8.86246079863511e-17,142.569867327182,-322.77684132571
rs2325036,51.3045370267945,7.90926297779972e-13,193.874404353976,-271.472304298916
rs6440003,33.8287305921996,6.0183474380084e-09,227.703134946176,-237.643573706716
rs6864049,28.4348524382558,9.69049913658234e-08,256.137987384432,-209.20872126846
rs3800229,27.1978104174293,1.83666562082744e-07,283.335797801861,-182.010910851031
rs4234589,27.0784242446096,1.95366307908024e-07,310.414222046471,-154.932486606421
rs806794,21.6964673230085,3.19378893359947e-06,332.110689369479,-133.236019283413
rs6567160,17.1544927438397,3.44593398307258e-05,349.265182113319,-116.081526539573
rs1421085,16.3588850462809,5.24098818163495e-05,365.6240671596,-99.7226414932923
rs17381664,14.1585549083956,0.00016803129714059,379.782622067995,-85.5640865848966
rs1928295,9.43500611923738,0.00212882379092041,389.217628187233,-76.1290804656592
rs929641,9.07953511927685,0.00258485749438378,398.29716330651,-67.0495453463824
rs749671,8.33866360428803,0.00388101353169522,406.635826910798,-58.7108817420944
rs10938397,7.08549690587852,0.00777102685152226,413.721323816676,-51.6253848362159
rs17724992,5.72977367986279,0.016679632093623,419.451097496539,-45.8956111563531
rs1519480,4.64848553816325,0.031080957332725,424.099583034702,-41.2471256181898
rs2307111,4.44779554282777,0.0349463304656779,428.54737857753,-36.799330075362
rs4985155,4.17516362144049,0.0410206015909352,432.72254219897,-32.6241664539215
