SNP,Q_statistic,p.value,Qsum,Qdif
rs2325036,46.3838277938728,9.72145791342461e-12,46.3838277938728,-109.578150957904
rs4788099,14.2115182399695,0.000163367461410572,60.5953460338423,-95.3666327179342
rs1519480,13.7795688456334,0.000205559605231709,74.3749148794758,-81.5870638723007
rs10938397,7.95354170533567,0.00479933640547263,82.3284565848114,-73.6335221669651
rs943005,7.34205764365908,0.00673596925938908,89.6705142284705,-66.291464523306
rs4234589,7.31318744037098,0.00684504052574434,96.9837016688415,-58.978277082935
rs2867110,6.92792939619427,0.00848598788378275,103.911631065036,-52.0503476867407
rs10786712,6.57118670480675,0.0103642821201045,110.482817769843,-45.479160981934
rs1421085,5.86780041979947,0.0154203074421006,116.350618189642,-39.6113605621345
rs13404250,4.33880906561406,0.0372529725495476,120.689427255256,-35.2725514965205
rs4883723,4.12309616945265,0.0423015925942217,124.812523424709,-31.1494553270678
