SNP,Q_statistic,p.value,Qsum,Qdif
rs10786712,34.3353647526183,4.63875529449859e-09,34.3353647526183,-227.163483707141
rs2325036,29.4629419652268,5.69961573076863e-08,63.7983067178451,-197.700541741915
rs1519480,16.2405050899971,5.57884802659499e-05,80.0388118078422,-181.460036651918
rs7144011,15.0814498208276,0.000102970210220031,95.1202616286697,-166.37858683109
rs17724992,11.7743347175293,0.000600529714330481,106.894596346199,-154.604252113561
rs3800229,11.0277685689087,0.000897571259445763,117.922364915108,-143.576483544652
rs11039290,9.54470739445526,0.00200526790773306,127.467072309563,-134.031776150197
rs11165623,9.25034717313829,0.00235450784410679,136.717419482701,-124.781428977058
rs17381664,9.07127007995296,0.00259656660188657,145.788689562654,-115.710158897106
rs6545714,7.78972424243129,0.00525442146760332,153.578413805086,-107.920434654674
rs4788099,7.56813622321092,0.00594091859051597,161.146550028296,-100.352298431463
rs3127553,7.52087872628719,0.00609879224612419,168.667428754584,-92.8314197051761
rs7649970,7.47311316032671,0.00626271641756466,176.14054191491,-85.3583065448494
rs10938397,7.3064657791092,0.00687069273311753,183.44700769402,-78.0518407657402
rs11676272,7.11058345359122,0.00766301641614974,190.557591147611,-70.941257312149
rs7138803,6.67613002936937,0.00977125431869715,197.23372117698,-64.2651272827796
rs2357760,6.08783298378182,0.0136115930898194,203.321554160762,-58.1772942989978
rs2287019,5.590611830066,0.0180569879954292,208.912165990828,-52.5866824689318
rs7903146,5.18902787687108,0.0227299272498891,214.101193867699,-47.3976545920607
rs1421085,5.05994154681027,0.024485063819443,219.161135414509,-42.3377130452505
rs4883723,5.04372512032798,0.0247152879526889,224.204860534837,-37.2939879249225
rs749671,4.69339289266233,0.0302788026000405,228.8982534275,-32.6005950322601
rs1928295,4.29483527313381,0.038228299207101,233.193088700633,-28.3057597591263
