SNP,Q_statistic,p.value,Qsum,Qdif
rs901630,152.306138679613,5.43147095688883e-35,152.306138679613,-1259.52223518125
rs6699397,75.2489071973166,4.14959949940234e-18,227.555045876929,-1184.27332798393
rs7498665,71.5828229787948,2.65861041668385e-17,299.137868855724,-1112.69050500514
rs4851284,62.8860530955564,2.19017625747829e-15,362.023921951281,-1049.80445190958
rs7025089,60.1429510017409,8.8212244653332e-15,422.166872953021,-989.661500907838
rs2161228,52.3001452875495,4.76339221305461e-13,474.467018240571,-937.361355620289
rs2291542,50.7815285917586,1.03240753387575e-12,525.24854683233,-886.57982702853
rs1452075,49.025434659851,2.52664830228061e-12,574.273981492181,-837.554392368679
rs12495178,45.257548077845,1.72753444748252e-11,619.531529570026,-792.296844290834
rs863750,30.609945189747,3.15472523788398e-08,650.141474759773,-761.686899101087
rs2276390,25.5119706455916,4.3964668548253e-07,675.653445405364,-736.174928455495
rs809955,24.0386912568366,9.44191733598302e-07,699.692136662201,-712.136237198659
rs12206094,23.0964940409673,1.54071376554267e-06,722.788630703168,-689.039743157691
rs7647305,22.3030907602328,2.32831558213313e-06,745.091721463401,-666.736652397459
rs579682,21.5247606649187,3.49289485742136e-06,766.616482128319,-645.21189173254
rs72959041,20.7699387531587,5.17895449760386e-06,787.386420881478,-624.441952979381
rs12469667,20.6650031304611,5.47068239158681e-06,808.051424011939,-603.77694984892
rs12684047,17.8870095387493,2.34415748863444e-05,825.938433550689,-585.889940310171
rs8070737,17.449149092034,2.95096348448643e-05,843.387582642723,-568.440791218137
rs6567160,16.4269990920401,5.05599320630635e-05,859.814581734763,-552.013792126097
rs9923544,15.6173795930746,7.75386365016522e-05,875.431961327837,-536.396412533022
rs591939,15.1846320566026,9.74936361174932e-05,890.61659338444,-521.21178047642
rs12042959,14.990577875575,0.000108049318027738,905.607171260015,-506.221202600845
rs11764879,13.758930324869,0.000207830417209484,919.366101584884,-492.462272275975
rs1122080,13.5768972372168,0.000228986426681831,932.942998822101,-478.885375038759
rs1243188,11.0718680969504,0.000876473347232817,944.014866919051,-467.813506941808
rs6658723,10.8852864093576,0.000969311903103834,954.900153328409,-456.928220532451
rs2715135,10.7507305539858,0.00104238162573126,965.650883882395,-446.177489978465
rs2161097,10.6828191577711,0.00108135139930167,976.333703040166,-435.494670820694
rs7070670,9.97511744763982,0.00158669874379269,986.308820487806,-425.519553373054
rs62095889,9.54932414251787,0.00200023053127893,995.858144630323,-415.970229230536
rs10842707,9.30102064926398,0.0022902622795767,1005.15916527959,-406.669208581272
rs6130360,9.27712292230172,0.00232033601824861,1014.43628820189,-397.39208565897
rs2236519,8.8986035787735,0.0028538882330163,1023.33489178066,-388.493482080197
rs13130484,8.73698600228123,0.00311819505316539,1032.07187778294,-379.756496077916
rs861029,8.52563216189757,0.00350179094336807,1040.59750994484,-371.230863916018
rs7206608,8.3951081158452,0.00376232133740352,1048.99261806069,-362.835755800173
rs4779526,8.0758553583613,0.00448589276587755,1057.06847341905,-354.759900441812
rs3825061,7.65637631977739,0.00565720169732245,1064.72484973883,-347.103524122034
rs6905288,7.23286601327261,0.00715808429907941,1071.9577157521,-339.870658108762
rs10490869,7.07275767441424,0.00782647045639368,1079.03047342651,-332.797900434347
rs17101456,6.72587399505335,0.00950241562202586,1085.75634742157,-326.072026439294
rs2526886,6.65534685328382,0.009885872578302,1092.41169427485,-319.41667958601
rs15285,6.59017297663304,0.0102543207487442,1099.00186725148,-312.826506609377
rs10499013,6.54274238531632,0.0105312882716051,1105.5446096368,-306.283764224061
rs7492628,6.53105793263435,0.0106006889203427,1112.07566756943,-299.752706291426
rs11030108,6.30186227597665,0.0120611200837579,1118.37752984541,-293.45084401545
rs1045241,6.12556973748395,0.013324034079096,1124.50309958289,-287.325274277966
rs17644283,6.07857364055304,0.013683120716372,1130.58167322345,-281.246700637413
rs4894803,6.07807740594045,0.0136869649832182,1136.65975062939,-275.168623231472
rs1406948,5.96805507057844,0.0145673392948275,1142.62780569997,-269.200568160894
rs10923724,5.71408798297141,0.0168293048282724,1148.34189368294,-263.486480177922
rs10164099,5.57629309118685,0.0182052170968479,1153.91818677412,-257.910187086736
rs780159,5.54854742774546,0.0184960303139299,1159.46673420187,-252.36163965899
rs1822489,5.32131304198838,0.0210661318076795,1164.78804724386,-247.040326617002
rs2112347,5.27772190749434,0.0215999916258286,1170.06576915135,-241.762604709508
rs11747001,5.23009542596288,0.022199314449147,1175.29586457731,-236.532509283545
rs3936510,4.93681511401377,0.0262904370347286,1180.23267969133,-231.595694169531
rs4964656,4.84797370744534,0.0276786292052143,1185.08065339877,-226.747720462085
rs9976841,4.6666346657987,0.0307541343440368,1189.74728806457,-222.081085796287
rs2306589,4.6570541834744,0.0309262072716817,1194.40434224805,-217.424031612812
rs733381,4.52367245664447,0.033429001512222,1198.92801470469,-212.900359156168
rs12986231,4.5211621509222,0.0334780833674546,1203.44917685561,-208.379197005246
rs9644033,4.42005123559265,0.0355189698475687,1207.86922809121,-203.959145769653
rs12777288,4.30144459798273,0.0380800139474911,1212.17067268919,-199.65770117167
rs10019888,4.26638892564242,0.0388734578249934,1216.43706161483,-195.391312246028
rs747249,4.12681798877982,0.0422086461690484,1220.56387960361,-191.264494257248
rs12692387,4.09318041539331,0.0430565515413085,1224.657060019,-187.171313841855
rs3092781,4.08901322231335,0.0431628344801579,1228.74607324132,-183.082300619541
rs13642,4.04051513599052,0.0444202605842644,1232.78658837731,-179.041785483551
rs12608504,4.01071093939451,0.045212082407256,1236.7972993167,-175.031074544156
rs6474945,3.99591267359362,0.0456107443129324,1240.7932119903,-171.035161870563
rs1757471,3.98153618548273,0.0460015914491413,1244.77474817578,-167.05362568508
rs10049088,3.95082089343669,0.046848508919866,1248.72556906922,-163.102804791643
rs998732,3.94561429166302,0.046993693181295,1252.67118336088,-159.15719049998
