SNP,Q_statistic,p.value,Qsum,Qdif
rs12495178,37.891481402668,7.47910980849608e-10,37.891481402668,-458.591045419058
rs6566233,24.6264607904842,6.9589596989803e-07,62.5179421931522,-433.964584628574
rs1142,16.8299580051171,4.08827942093733e-05,79.3479001982693,-417.134626623456
rs889398,14.337597744848,0.000152782838620912,93.6854979431173,-402.797028878608
rs7498665,14.0362473316336,0.00017932042611357,107.721745274751,-388.760781546975
rs901630,12.5543242463957,0.000395290515948488,120.276069521147,-376.206457300579
rs6474945,12.3522746412934,0.000440449497412567,132.62834416244,-363.854182659286
rs11030108,11.9275543908817,0.000553097369807623,144.555898553322,-351.926628268404
rs1045241,10.8954267565965,0.000964019760721979,155.451325309918,-341.031201511808
rs7311622,10.4616341693822,0.00121879411645417,165.9129594793,-330.569567342425
rs12449442,9.91905923182859,0.00163575970660035,175.832018711129,-320.650508110597
rs2715135,9.35254379670965,0.00222676187314767,185.184562507839,-311.297964313887
rs1190982,8.90920143891718,0.00283737314739182,194.093763946756,-302.38876287497
rs8141715,8.90019962735304,0.0028513948139311,202.993963574109,-293.488563247617
rs13130484,8.47637242769675,0.00359788839814388,211.470336001806,-285.01219081992
rs6658723,8.21970916098247,0.00414378408861558,219.690045162788,-276.792481658938
rs9923544,8.08629814312736,0.00446011715927463,227.776343305915,-268.70618351581
rs645040,6.89218636172634,0.00865733170791751,234.668529667642,-261.813997154084
rs668871,6.7996448028499,0.00911760096348259,241.468174470492,-255.014352351234
rs12593088,6.78661327502304,0.00918439878292654,248.254787745515,-248.227739076211
rs10788569,5.97439750880529,0.0145150395594705,254.22918525432,-242.253341567406
rs747601,5.89128726675234,0.0152159738337265,260.120472521072,-236.362054300653
rs6743060,5.88870322125448,0.0152383176101204,266.009175742327,-230.473351079399
rs11747001,5.8464979770564,0.0156080814491937,271.855673719383,-224.626853102343
rs4454042,5.68831011927231,0.0170782929223417,277.543983838655,-218.93854298307
rs1569135,5.46669924142346,0.0193821984035688,283.010683080079,-213.471843741647
rs10164099,5.4610317600946,0.0194451616421712,288.471714840173,-208.010811981552
rs7070670,5.42711572216889,0.0198263988045396,293.898830562342,-202.583696259383
rs1294436,5.37128806759307,0.0204708553567448,299.270118629935,-197.21240819179
rs2061708,4.93925885214988,0.0262532915099979,304.209377482085,-192.27314933964
rs4851284,4.90610047085538,0.0267619940467263,309.115477952941,-187.367048868785
rs8043060,4.43575992251247,0.0351935492142546,313.551237875453,-182.931288946273
rs36061954,4.41278610746885,0.0356705371353066,317.964023982922,-178.518502838804
rs9878908,4.358253770416,0.0368300398319593,322.322277753338,-174.160249068388
rs17109256,4.24492587460359,0.0393677882496138,326.567203627942,-169.915323193784
rs12459350,4.01410578389931,0.045121144685042,330.581309411841,-165.901217409885
