SNP,Q_statistic,p.value,Qsum,Qdif
rs6743060,39.4558363272697,3.35563309852895e-10,39.4558363272697,-673.969774865734
rs12495178,36.9135664916052,1.23483726573117e-09,76.369402818875,-637.056208374128
rs1243188,31.4376474683392,2.05948660721106e-08,107.807050287214,-605.618560905789
rs6699397,28.6208604756096,8.80287327773226e-08,136.427910762824,-576.99770043018
rs809955,25.1356018167237,5.34371399080044e-07,161.563512579547,-551.862098613456
rs11030108,22.7194336196361,1.87462376181993e-06,184.282946199184,-529.14266499382
rs1124639,19.7438602851924,8.85456935076061e-06,204.026806484376,-509.398804708627
rs946106,19.4888486741437,1.01188691002214e-05,223.51565515852,-489.909956034484
rs7025089,18.1594394027859,2.03159912958667e-05,241.675094561306,-471.750516631698
rs2613505,17.1544533644875,3.44600542340188e-05,258.829547925793,-454.59606326721
rs12986231,16.5206975624947,4.8121900629199e-05,275.350245488288,-438.075365704716
rs12206094,16.138186500119,5.8884701202388e-05,291.488431988407,-421.937179204597
rs12828016,13.3118970126746,0.000263727406712778,304.800329001081,-408.625282191922
rs8043060,12.9044946662952,0.000327794021774308,317.704823667377,-395.720787525627
rs39312,12.5033552978382,0.000406221799929678,330.208178965215,-383.217432227788
rs11764879,12.0360768250999,0.000521806808118325,342.244255790315,-371.181355402689
rs6545714,11.6280282440208,0.000649653856646454,353.872284034336,-359.553327158668
rs36061954,11.1137226126956,0.0008569132266346,364.986006647031,-348.439604545972
rs2161097,9.84221046916831,0.00170552426813705,374.828217116199,-338.597394076804
rs17109256,9.6464852552679,0.00189714236828858,384.474702371467,-328.950908821536
rs1045411,9.47503730941491,0.00208286649674886,393.949739680882,-319.475871512121
rs2276390,9.38142646141782,0.00219194921856438,403.3311661423,-310.094445050703
rs1431659,9.32096309832526,0.0022654688482742,412.652129240625,-300.773481952378
rs2294239,9.27444861186108,0.00232372629603678,421.926577852486,-291.499033340517
rs10019888,9.01794573185509,0.0026734168503471,430.944523584341,-282.481087608662
rs889398,8.72955593101669,0.00313092742166188,439.674079515358,-273.751531677645
rs3936510,8.15486322489665,0.00429458388574033,447.828942740255,-265.596668452748
rs861029,7.97543405797973,0.00474163853037632,455.804376798235,-257.621234394769
rs72959041,7.96425914769422,0.00477100147881832,463.768635945929,-249.656975247075
rs1563355,7.87668142468244,0.00500762890444149,471.645317370611,-241.780293822392
rs2715135,7.54562139884573,0.00601560731403602,479.190938769457,-234.234672423546
rs2503099,6.88853449155946,0.00867503612982622,486.079473261016,-227.346137931987
rs7395513,6.80207437346054,0.00910520244403059,492.881547634477,-220.544063558526
rs12608504,6.75891955237987,0.00932802229291236,499.640467186857,-213.785144006146
rs11747001,6.60916581109693,0.0101455177168686,506.249632997954,-207.17597819505
rs12459350,5.86029268278064,0.0154862186465173,512.109925680734,-201.315685512269
rs1190982,5.79661788372125,0.0160570320815577,517.906543564456,-195.519067628548
rs10842707,5.39065671531983,0.0202448502879174,523.297200279775,-190.128410913228
rs1757471,4.89070655749495,0.0270016336877681,528.18790683727,-185.237704355733
rs3786897,4.8789537388106,0.0271860931501023,533.066860576081,-180.358750616922
rs12430764,4.77502287170295,0.0288754628617294,537.841883447784,-175.583727745219
rs579682,4.67381212171794,0.0306258758865257,542.515695569502,-170.909915623501
rs1122080,4.60310040433123,0.0319141914863779,547.118795973833,-166.30681521917
rs9878908,4.46816598709034,0.0345320387483294,551.586961960923,-161.83864923208
rs605066,4.3353500447782,0.0373287394948503,555.922312005702,-157.503299187302
rs733381,4.30998118695294,0.0378893806481765,560.232293192655,-153.193318000349
rs15285,4.2396495931319,0.039490316742137,564.471942785786,-148.953668407217
rs35169799,4.16317649262739,0.0413118595032278,568.635119278414,-144.790491914589
rs2925979,4.12293528398566,0.0423056152965448,572.7580545624,-140.667556630604
rs2200155,4.11202469525239,0.0425793588993789,576.870079257652,-136.555531935351
rs12140153,3.95549928570261,0.0467184569725706,580.825578543355,-132.600032649649
rs7070670,3.88965414317906,0.0485844276391309,584.715232686534,-128.71037850647
