SNP,Q_statistic,p.value,Qsum,Qdif
rs12777288,12.17,0.00,12.17,-200.87
rs7213608,8.21,0.00,20.38,-192.66
rs4395620,7.34,0.01,27.72,-185.32
rs2167750,6.78,0.01,34.51,-178.53
rs55747707,6.25,0.01,40.75,-172.29
rs12140153,6.16,0.01,46.92,-166.13
rs12608504,5.59,0.02,52.51,-160.53
rs76699125,5.59,0.02,58.10,-154.95
rs1787013,5.05,0.02,63.14,-149.90
rs6688233,5.00,0.03,68.14,-144.90
rs861029,4.93,0.03,73.07,-139.98
rs17738166,4.34,0.04,77.41,-135.63