SNP,Q_statistic,p.value,Qsum,Qdif
rs7498665,41.5834312997338,1.12946440899933e-10,41.5834312997338,-521.774132933435
rs1158805,23.6098985546158,1.17979057406887e-06,65.1933298543496,-498.164234378819
rs7138803,22.1759971175973,2.48764480345765e-06,87.3693269719469,-475.988237261222
rs55747707,21.7605029579893,3.08894173311548e-06,109.129829929936,-454.227734303233
rs1190982,20.7824287889144,5.14528778949877e-06,129.912258718851,-433.445305514318
rs9923544,18.602918345545,1.60973935704969e-05,148.515177064396,-414.842387168773
rs4788204,17.7689956860524,2.49414696785276e-05,166.284172750448,-397.073391482721
rs901630,15.2087980174378,9.62539333938922e-05,181.492970767886,-381.864593465283
rs17109256,13.7238691537875,0.000211746216430784,195.216839921673,-368.140724311496
rs1789882,13.0960048658669,0.000295926218156663,208.31284478754,-355.044719445629
rs13063979,12.7685758482905,0.000352491103817584,221.081420635831,-342.276143597338
rs591939,12.4600137833063,0.000415756877072491,233.541434419137,-329.816129814032
rs12495178,11.6919655216382,0.00062770555551036,245.233399940775,-318.124164292394
rs7217226,11.3891467186793,0.00073874456727965,256.622546659454,-306.735017573714
rs12449442,10.8696159854087,0.00097754797382939,267.492162644863,-295.865401588306
rs6474945,10.8017963234496,0.00101401652932748,278.293958968313,-285.063605264856
rs28451064,10.4216272558134,0.00124548103779712,288.715586224126,-274.641978009043
rs1142,10.2651908239653,0.00135563714933941,298.980777048091,-264.376787185077
rs2200155,10.1361094687268,0.00145392706143459,309.116886516818,-254.240677716351
rs6743060,9.60116242993298,0.00194454232429438,318.718048946751,-244.639515286418
rs12206094,7.63005299135052,0.00574036160170046,326.348101938102,-237.009462295067
rs11747001,7.38414660806565,0.00658012844229432,333.732248546167,-229.625315687001
rs1328757,7.07140191357322,0.0078323947554266,340.803650459741,-222.553913773428
rs2526886,6.6032372723812,0.0101793525155507,347.406887732122,-215.950676501047
rs9976841,6.46546954337221,0.0109990575722148,353.872357275494,-209.485206957675
rs13130484,6.03394398187406,0.0140333433827546,359.906301257368,-203.451262975801
rs2291542,5.53558249039761,0.0186335616545389,365.441883747766,-197.915680485403
rs6566233,5.37098648589919,0.020474394957475,370.812870233665,-192.544693999504
rs1045411,5.3065346699727,0.0212455748228417,376.119404903638,-187.238159329531
rs4239275,5.27013628563321,0.0216943141353171,381.389541189271,-181.968023043898
rs780159,5.1841606579434,0.0227936794731295,386.573701847214,-176.783862385955
rs2925979,4.84882966328879,0.0276648968481815,391.422531510503,-171.935032722666
rs7213608,4.80704110896208,0.0283436721461238,396.229572619465,-167.127991613704
rs946106,4.59059563730914,0.0321478404444155,400.820168256774,-162.537395976395
rs2276390,4.29558820722345,0.0382113760509048,405.115756463998,-158.241807769171
rs7070670,4.23512969351722,0.0395955983081939,409.350886157515,-154.006678075654
rs11030108,4.19582070709327,0.0405237336712088,413.546706864608,-149.810857368561
rs1345203,4.15965998904048,0.0413977134076123,417.706366853649,-145.65119737952
rs1017698,3.93365571250829,0.0473289532919611,421.640022566157,-141.717541667012
